# Alens logA ns theta_MC_100 ombh2 omch2 tau A_planck calib_100T calib_217T A_cib_217 xi_sz_cib A_sz ksz_norm gal545_A_100 gal545_A_143 gal545_A_143_217 gal545_A_217 ps_A_100_100 ps_A_143_143 ps_A_143_217 ps_A_217_217 galf_TE_A_100 galf_TE_A_100_143 galf_TE_A_100_217 galf_TE_A_143 galf_TE_A_143_217 galf_TE_A_217
1.725966121962512140e-03 -3.934803367897035274e-04 1.076368610557201983e-04 4.530390253727808794e-06 3.387906267564988941e-06 -4.101860277571891855e-05 -1.319587003832857909e-04 -1.512161847237135224e-05 -2.248054670524981561e-07 -1.021841433145828746e-06 -1.044410414835789461e-02 5.457853300831874065e-05 5.524789719986408602e-03 -7.288162644176809056e-03 8.255255185051212389e-04 4.378418598722218853e-04 -2.922516318966689002e-03 -6.142540603475740019e-03 -9.749184579018327357e-02 -4.895540259382695492e-02 -1.682915054752728845e-02 -1.075944405715502893e-02 -3.923821033273837433e-05 -6.416556291377814445e-06 -7.320219221860575960e-05 -1.755617478708678769e-05 -1.035106616792477599e-04 -5.695734844373221556e-04
-3.934803367897035274e-04 3.134961762915523418e-04 -6.943444591922639062e-06 -2.477351681363040804e-07 -1.674555463391773584e-07 3.273101716537824342e-06 1.384088121223155435e-04 1.326769972894571473e-05 1.622230086231407107e-07 2.261466221822238112e-07 -3.390970992063784190e-04 3.872219408150138510e-05 -5.737140623305756132e-04 -2.576993432833200241e-04 -3.264121514839750404e-04 -8.144977078764904614e-04 -4.531168928557976409e-04 2.639907482812817868e-03 9.100171628819242117e-03 2.550470691524704681e-03 1.778747337207416731e-03 5.713501544964935328e-03 7.012376738163090353e-06 1.898762766320963195e-07 2.254531248368655199e-05 -1.250207848865470481e-05 1.230949648241633469e-05 7.498229082608675895e-05
1.076368610557201983e-04 -6.943444591922639062e-06 2.368392589640919173e-05 6.812033224286069484e-07 4.615944429739703760e-07 -5.896030994070494689e-06 4.409389260438972372e-06 -1.958602756909871113e-07 -7.079637715164753640e-08 -1.207643339318810041e-07 -4.939061830118469422e-03 1.019535664168281451e-04 1.271393086748588567e-03 -2.631678799415469727e-03 3.457999590962079848e-04 -3.636678502988000927e-04 -6.219576606242099804e-04 8.163783506982392026e-04 -2.910747179428448128e-02 -1.018542488685409905e-02 1.429847835051739331e-04 3.724828342204940072e-03 -4.023015692566437214e-06 7.622500531427446062e-07 -3.103943122373373800e-06 -5.386221824276546686e-06 -1.205633065624485977e-05 -6.482214135962360217e-05
4.530390253727808794e-06 -2.477351681363040804e-07 6.812033224286069484e-07 1.071000811232721348e-07 2.494031221618445100e-08 -2.228059301210890517e-07 9.524246349675815408e-08 -2.753680416586178211e-09 2.532486362937411958e-09 -5.407193205086502750e-09 -6.454107409082789179e-05 1.316401147678150341e-07 2.500636813624899425e-05 -2.459787419817081118e-05 -2.743703423619917487e-06 7.523163772512461610e-07 -1.252068198154721886e-05 -1.104489335562722583e-05 -3.954361073336346965e-04 -2.425919223609362811e-04 -9.900156720892382806e-05 -4.076113024847206049e-05 -1.150795316827235654e-07 -1.027023028628574276e-07 1.223499024389022933e-07 -4.812343144068266495e-07 -7.660606692154266408e-07 -2.850122731543621524e-06
3.387906267564988941e-06 -1.674555463391773584e-07 4.615944429739703760e-07 2.494031221618445100e-08 2.809149341911085827e-08 -1.730025693506162412e-07 8.366330332830176483e-08 -4.399240967302667191e-09 3.195085397643684371e-09 -3.132031186185035690e-09 -9.920082585043297379e-05 1.244823954713911974e-06 2.778814352883593035e-05 -4.941600221194062808e-05 -1.036066266936013911e-06 -1.194578547684239066e-05 -2.141868794839097296e-05 -5.932009216336218392e-06 -5.398034318333715196e-04 -3.194804822759166551e-04 -1.145012440844380661e-04 -1.451425376810592835e-05 -1.310180900902565730e-07 -5.084899859326839471e-08 -2.627694376553136429e-07 -2.812275012651615186e-07 -6.071325985679048451e-07 -3.298090083183213595e-06
-4.101860277571891855e-05 3.273101716537824342e-06 -5.896030994070494689e-06 -2.228059301210890517e-07 -1.730025693506162412e-07 2.355208189306267923e-06 -1.185327305494407366e-06 3.677201071662588207e-08 -8.298125215381413032e-09 2.358546145502962684e-08 5.218490021447772052e-04 -4.037811461728531002e-06 -2.054061677452798432e-04 2.864744688019464766e-04 -2.709725488821925659e-05 2.644609256561127400e-05 6.193362303223470854e-05 -3.800699850535675466e-05 3.533532487984001116e-03 2.064017684364280979e-03 8.518730421025487226e-04 3.358832543093135531e-04 1.374451444015858971e-06 6.389675910302872577e-09 2.138600300091244906e-06 2.019457508697915251e-06 5.210708179059431282e-06 2.464343570044155715e-05
-1.319587003832857909e-04 1.384088121223155435e-04 4.409389260438972372e-06 9.524246349675815408e-08 8.366330332830176483e-08 -1.185327305494407366e-06 7.053763918755854656e-05 3.176898901460731670e-07 1.063244958568186745e-08 6.972275018583475517e-08 -4.670369059971679051e-04 -3.710789274237634204e-06 7.412176204476728547e-05 -2.064216607250852207e-04 9.452561705318458373e-05 -9.967054021285308787e-05 -1.728062095033097660e-05 4.559949128742006412e-04 -2.786371013352710157e-03 -2.069173548734696243e-03 -1.424994083224596659e-03 -6.944184180083121322e-04 1.723889648965542657e-06 4.487857437602596630e-07 6.563178458151910809e-06 -7.048650449630332370e-06 1.509850414764794787e-06 2.431737689292954997e-06
-1.512161847237135224e-05 1.326769972894571473e-05 -1.958602756909871113e-07 -2.753680416586178211e-09 -4.399240967302667191e-09 3.677201071662588207e-08 3.176898901460731140e-07 6.210002445578500762e-06 -7.509952481185806202e-10 2.148825778456742336e-08 4.848565384645344431e-04 6.718110592720947421e-06 -1.071228245128500259e-04 8.694918342376459100e-05 -5.395737955049338230e-05 -1.836233117689795906e-05 4.424068119866954946e-06 9.819261461607405646e-04 5.131252103966865707e-03 9.280810823318012956e-04 5.500492667782629378e-04 1.636479617065125704e-03 -4.724611231011876088e-08 1.836777966449371460e-07 1.266259471004158612e-06 -8.055966888353839319e-07 -1.834704401614327295e-08 9.452673828197014433e-06
-2.248054670524981561e-07 1.622230086231407107e-07 -7.079637715164753640e-08 2.532486362937411958e-09 3.195085397643684371e-09 -8.298125215381413032e-09 1.063244958568186415e-08 -7.509952481185806202e-10 3.695661168955878794e-07 -2.120970367665030598e-09 -2.107377019691628224e-04 4.871609049604658046e-06 9.978863122757913190e-05 -8.305901053526595673e-05 1.721131191338262818e-04 -1.750900607411677438e-04 -3.209015556601980257e-05 5.819296064406439905e-05 3.712096476300106793e-03 8.963064348904960991e-05 4.497273394953954181e-04 5.051745229354600696e-04 -2.327620701440877614e-07 -1.117126389638737568e-08 -1.147822617970376702e-07 3.480860472890478188e-07 1.354004800186268126e-07 1.081802140008140509e-06
-1.021841433145828746e-06 2.261466221822238112e-07 -1.207643339318810041e-07 -5.407193205086502750e-09 -3.132031186185035690e-09 2.358546145502962684e-08 6.972275018583476841e-08 2.148825778456742336e-08 -2.120970367665030598e-09 3.916137924940312139e-07 7.491314201856044035e-04 -2.100374588539149997e-06 -3.788842975131144860e-05 6.235872793589415255e-06 1.422527315465021109e-06 -3.962126256707289382e-05 4.055460972827992306e-04 9.179568725861239533e-04 5.399705968063317528e-04 1.418344163317742019e-04 -3.623443710399042172e-04 -1.390104553246709375e-03 -5.263130412375039347e-07 -2.692770282386951605e-07 -6.132951419189132969e-07 1.567668472685114735e-07 5.648407778116270564e-07 1.681059318077267094e-06
-1.044410414835789287e-02 -3.390970992063784190e-04 -4.939061830118469422e-03 -6.454107409082789179e-05 -9.920082585043297379e-05 5.218490021447772052e-04 -4.670369059971679051e-04 4.848565384645344431e-04 -2.107377019691627953e-04 7.491314201856044035e-04 4.378342424072398131e+01 -3.689540160194464402e-01 -8.484728327897406164e-01 -1.145525119560440036e-01 2.212505755628668969e-01 6.351558431247621428e-01 -5.710943937563214057e+00 -3.283293539697795183e+01 3.557559602575810231e+01 1.841599913962761903e+00 -1.248424474231021364e+01 -5.414888327287410874e+01 1.291921196505877020e-03 -2.414763360975979468e-03 -1.864024939727311958e-03 -3.238174842744851248e-03 2.816090594827402871e-03 2.224367954898850280e-02
5.457853300831874742e-05 3.872219408150139188e-05 1.019535664168281722e-04 1.316401147678150341e-07 1.244823954713911974e-06 -4.037811461728531849e-06 -3.710789274237633357e-06 6.718110592720945726e-06 4.871609049604657199e-06 -2.100374588539149997e-06 -3.689540160194464402e-01 8.096729049343803775e-02 -4.139945957229150542e-02 3.403147380030684122e-02 -5.783039833423119815e-03 6.830738788893871496e-03 1.086996357510787992e-01 1.322819220956245045e-01 -4.888228505014093339e-01 9.505629007742694148e-01 1.714957398741229655e+00 6.282392964787016920e-01 -7.892710669420057844e-05 -2.467759960872006791e-06 2.541456502310729241e-04 5.680634959507050092e-05 -8.921735766391623477e-05 -1.881131865697299678e-04
5.524789719986408602e-03 -5.737140623305757216e-04 1.271393086748588567e-03 2.500636813624899425e-05 2.778814352883593035e-05 -2.054061677452798432e-04 7.412176204476728547e-05 -1.071228245128500123e-04 9.978863122757914545e-05 -3.788842975131146215e-05 -8.484728327897407274e-01 -4.139945957229150542e-02 3.818673796210468208e+00 -2.611802785691208939e+00 -2.422641508432271107e-01 1.135759954199506011e-01 2.639769903415301933e+00 3.281440979394967705e+00 -3.019254787587313515e+01 -3.564841432313674563e+00 7.333064330410778986e+00 5.018723100242878488e+00 -6.204207585717303863e-04 -9.736442921065372456e-05 -4.155469279087166965e-04 7.034567738053563611e-04 -2.545329129129176465e-04 -5.342167849335852613e-03
-7.288162644176810791e-03 -2.576993432833199157e-04 -2.631678799415469727e-03 -2.459787419817080779e-05 -4.941600221194062808e-05 2.864744688019464766e-04 -2.064216607250852749e-04 8.694918342376459100e-05 -8.305901053526595673e-05 6.235872793589420338e-06 -1.145525119560440036e-01 3.403147380030684122e-02 -2.611802785691208939e+00 5.594049403300365597e+00 1.401859166330032269e-01 -1.323222370707727025e-01 -1.926971314666548807e+00 -2.095224920380350131e+00 1.343444940848260494e+01 -4.516629799682785773e+00 -1.139485315564537515e+01 -8.829632644112278328e+00 4.288979800797686139e-04 2.147809519852745196e-04 6.678674610531755039e-04 -8.113188758718161558e-04 1.072979564538077257e-03 8.805591631694166142e-04
8.255255185051213473e-04 -3.264121514839750946e-04 3.457999590962079848e-04 -2.743703423619919181e-06 -1.036066266936013911e-06 -2.709725488821926675e-05 9.452561705318459728e-05 -5.395737955049337552e-05 1.721131191338262818e-04 1.422527315465016874e-06 2.212505755628668969e-01 -5.783039833423118080e-03 -2.422641508432271107e-01 1.401859166330032269e-01 3.330496635408465966e+00 5.669792853772853691e-01 1.584222267003553841e-01 7.187594104514324900e-02 -5.918667749495731378e+00 -4.498669951112562182e-01 -9.719772101561446886e-01 -8.118464185860635451e-01 -2.960109368491927124e-04 1.210737138814933864e-03 8.117441745533213540e-05 9.875760803761104902e-04 -9.666897998953509789e-04 5.739914738335773420e-04
4.378418598722217227e-04 -8.144977078764902446e-04 -3.636678502988000927e-04 7.523163772512465845e-07 -1.194578547684239235e-05 2.644609256561127400e-05 -9.967054021285306077e-05 -1.836233117689795906e-05 -1.750900607411677438e-04 -3.962126256707289382e-05 6.351558431247621428e-01 6.830738788893875833e-03 1.135759954199506011e-01 -1.323222370707727302e-01 5.669792853772853691e-01 3.261906667000422200e+00 2.745051248333446381e+00 2.733538162194840471e+00 6.029258307843708309e+00 -1.407230223798591195e+00 -9.741485053441509834e-01 -1.526226546692409425e+00 4.959676765007066260e-04 2.437657142054389385e-04 -1.046768828435626743e-03 1.105287099566301754e-03 -7.792723627552757036e-04 -1.247588621393965142e-03
-2.922516318966689002e-03 -4.531168928557977493e-04 -6.219576606242098720e-04 -1.252068198154721717e-05 -2.141868794839097296e-05 6.193362303223469499e-05 -1.728062095033096982e-05 4.424068119866949016e-06 -3.209015556601980257e-05 4.055460972827992306e-04 -5.710943937563214057e+00 1.086996357510787992e-01 2.639769903415301933e+00 -1.926971314666549251e+00 1.584222267003554396e-01 2.745051248333446381e+00 1.091014128206904843e+01 1.936954572930436314e+01 -1.214966436325305033e+01 3.437972251762802411e+00 4.771366479896005153e+00 5.155391834460379741e+00 -1.125869910145996591e-03 1.160405550572988012e-03 -5.355438601925676528e-03 3.646519117549025610e-03 6.626607623919204566e-04 3.598364153527351152e-03
-6.142540603475740019e-03 2.639907482812817868e-03 8.163783506982389858e-04 -1.104489335562722753e-05 -5.932009216336218392e-06 -3.800699850535676144e-05 4.559949128742005870e-04 9.819261461607405646e-04 5.819296064406439905e-05 9.179568725861239533e-04 -3.283293539697794472e+01 1.322819220956245045e-01 3.281440979394967261e+00 -2.095224920380350131e+00 7.187594104514327675e-02 2.733538162194840471e+00 1.936954572930436314e+01 5.352502603179747354e+01 -2.382307701199009387e+01 4.222970527151177933e+00 7.694557682279098643e+00 3.268777249754802483e+01 -3.545605304944101505e-03 3.216866903859436598e-03 -7.941501131789957535e-03 7.953892525666210814e-03 -1.761202766797892558e-04 1.928260966247522966e-03
-9.749184579018327357e-02 9.100171628819242117e-03 -2.910747179428448128e-02 -3.954361073336346965e-04 -5.398034318333715196e-04 3.533532487984001116e-03 -2.786371013352709290e-03 5.131252103966865707e-03 3.712096476300106793e-03 5.399705968063317528e-04 3.557559602575810231e+01 -4.888228505014093339e-01 -3.019254787587313515e+01 1.343444940848260138e+01 -5.918667749495731378e+00 6.029258307843708309e+00 -1.214966436325304855e+01 -2.382307701199009031e+01 7.739977249145929363e+02 7.195772786241977315e+01 -5.108477072851425760e+01 -5.734311852578245805e+01 -6.590945148590793496e-04 3.758646910908561723e-03 -2.416247769655492997e-02 2.292834062707309675e-02 4.818809184906753390e-02 1.593350869201454190e-01
-4.895540259382695492e-02 2.550470691524704681e-03 -1.018542488685409905e-02 -2.425919223609362811e-04 -3.194804822759167093e-04 2.064017684364280979e-03 -2.069173548734696243e-03 9.280810823318012956e-04 8.963064348904959636e-05 1.418344163317742019e-04 1.841599913962761903e+00 9.505629007742694148e-01 -3.564841432313674563e+00 -4.516629799682785773e+00 -4.498669951112562182e-01 -1.407230223798590973e+00 3.437972251762802856e+00 4.222970527151177933e+00 7.195772786241977315e+01 6.381938294537378198e+01 4.119118819674615395e+01 1.565582526759735060e+01 1.853240769166387622e-03 1.268879665849947328e-03 5.648051512281024528e-04 4.464336096122356774e-03 6.298404836849622219e-03 5.887291267239751907e-02
-1.682915054752728845e-02 1.778747337207416731e-03 1.429847835051739602e-04 -9.900156720892381451e-05 -1.145012440844380661e-04 8.518730421025487226e-04 -1.424994083224596225e-03 5.500492667782628294e-04 4.497273394953954181e-04 -3.623443710399042172e-04 -1.248424474231021364e+01 1.714957398741229655e+00 7.333064330410778986e+00 -1.139485315564537515e+01 -9.719772101561446886e-01 -9.741485053441509834e-01 4.771366479896005153e+00 7.694557682279098643e+00 -5.108477072851425760e+01 4.119118819674614684e+01 8.511415546103783925e+01 5.217877755251180361e+01 -1.808479213627117070e-03 -2.144879009941053549e-04 8.373061605795855539e-03 5.541013828287567021e-03 2.707379458404885115e-04 1.463781661658508822e-02
-1.075944405715502893e-02 5.713501544964936195e-03 3.724828342204940072e-03 -4.076113024847206049e-05 -1.451425376810592835e-05 3.358832543093135531e-04 -6.944184180083122406e-04 1.636479617065125704e-03 5.051745229354600696e-04 -1.390104553246709375e-03 -5.414888327287410874e+01 6.282392964787016920e-01 5.018723100242878488e+00 -8.829632644112278328e+00 -8.118464185860636562e-01 -1.526226546692409647e+00 5.155391834460379741e+00 3.268777249754802483e+01 -5.734311852578245805e+01 1.565582526759735060e+01 5.217877755251180361e+01 1.025317294768065892e+02 -1.093815281521081338e-03 1.449219291743207355e-03 8.055436320572421927e-03 6.256013155593020611e-03 -4.888214456631372572e-03 -9.638679465129243104e-03
-3.923821033273837433e-05 7.012376738163091200e-06 -4.023015692566437214e-06 -1.150795316827236051e-07 -1.310180900902565730e-07 1.374451444015858971e-06 1.723889648965543081e-06 -4.724611231011873441e-08 -2.327620701440876290e-07 -5.263130412375039347e-07 1.291921196505877020e-03 -7.892710669420057844e-05 -6.204207585717306031e-04 4.288979800797685597e-04 -2.960109368491928208e-04 4.959676765007068429e-04 -1.125869910145997025e-03 -3.545605304944101505e-03 -6.590945148590807590e-04 1.853240769166388923e-03 -1.808479213627116637e-03 -1.093815281521078736e-03 1.489624360130727045e-03 2.790136868311420839e-04 1.068298107804445217e-04 -3.561185629757628989e-04 -9.211265160933859123e-05 -1.380866109978663616e-04
-6.416556291377816986e-06 1.898762766320964254e-07 7.622500531427446062e-07 -1.027023028628574276e-07 -5.084899859326840133e-08 6.389675910302819638e-09 4.487857437602598747e-07 1.836777966449372254e-07 -1.117126389638734756e-08 -2.692770282386951075e-07 -2.414763360975979035e-03 -2.467759960872012297e-06 -9.736442921065356193e-05 2.147809519852745738e-04 1.210737138814933648e-03 2.437657142054387217e-04 1.160405550572988012e-03 3.216866903859436598e-03 3.758646910908561289e-03 1.268879665849947762e-03 -2.144879009941051652e-04 1.449219291743207355e-03 2.790136868311420839e-04 8.718441342063657298e-04 7.474577355332932752e-06 7.454308720673092584e-04 3.411452067445418023e-05 -8.483201429864400261e-04
-7.320219221860575960e-05 2.254531248368655199e-05 -3.103943122373373376e-06 1.223499024389023198e-07 -2.627694376553136429e-07 2.138600300091244906e-06 6.563178458151910809e-06 1.266259471004158612e-06 -1.147822617970378554e-07 -6.132951419189132969e-07 -1.864024939727313476e-03 2.541456502310730325e-04 -4.155469279087170759e-04 6.678674610531753954e-04 8.117441745533206764e-05 -1.046768828435626743e-03 -5.355438601925676528e-03 -7.941501131789957535e-03 -2.416247769655492303e-02 5.648051512281033202e-04 8.373061605795855539e-03 8.055436320572420192e-03 1.068298107804445488e-04 7.474577355332936140e-06 7.118466016162343542e-03 -3.281315816378597354e-04 6.279574671429089417e-04 4.473465251704186393e-03
-1.755617478708678769e-05 -1.250207848865470142e-05 -5.386221824276546686e-06 -4.812343144068267554e-07 -2.812275012651615715e-07 2.019457508697915251e-06 -7.048650449630332370e-06 -8.055966888353842495e-07 3.480860472890477658e-07 1.567668472685115265e-07 -3.238174842744852115e-03 5.680634959507043316e-05 7.034567738053564695e-04 -8.113188758718166979e-04 9.875760803761104902e-04 1.105287099566301754e-03 3.646519117549027345e-03 7.953892525666209079e-03 2.292834062707310022e-02 4.464336096122355907e-03 5.541013828287566154e-03 6.256013155593021478e-03 -3.561185629757628989e-04 7.454308720673092584e-04 -3.281315816378597354e-04 2.919088038774690294e-03 4.643188544135962658e-04 -1.054099754499186184e-03
-1.035106616792477599e-04 1.230949648241633638e-05 -1.205633065624485977e-05 -7.660606692154266408e-07 -6.071325985679049510e-07 5.210708179059431282e-06 1.509850414764796904e-06 -1.834704401614362699e-08 1.354004800186268126e-07 5.648407778116269505e-07 2.816090594827402437e-03 -8.921735766391619411e-05 -2.545329129129171044e-04 1.072979564538077907e-03 -9.666897998953511957e-04 -7.792723627552761373e-04 6.626607623919206734e-04 -1.761202766797896082e-04 4.818809184906753390e-02 6.298404836849622219e-03 2.707379458404885115e-04 -4.888214456631371704e-03 -9.211265160933859123e-05 3.411452067445418023e-05 6.279574671429089417e-04 4.643188544135962658e-04 6.208534317501961282e-03 7.907766559714257681e-03
-5.695734844373221556e-04 7.498229082608675895e-05 -6.482214135962360217e-05 -2.850122731543621524e-06 -3.298090083183213595e-06 2.464343570044155715e-05 2.431737689292954997e-06 9.452673828197012738e-06 1.081802140008140933e-06 1.681059318077267517e-06 2.224367954898850974e-02 -1.881131865697302117e-04 -5.342167849335852613e-03 8.805591631694158553e-04 5.739914738335782094e-04 -1.247588621393966226e-03 3.598364153527348550e-03 1.928260966247522966e-03 1.593350869201454190e-01 5.887291267239750520e-02 1.463781661658508822e-02 -9.638679465129244839e-03 -1.380866109978663616e-04 -8.483201429864400261e-04 4.473465251704186393e-03 -1.054099754499186184e-03 7.907766559714257681e-03 7.190397242472672257e-02
