# nrun logA ns theta_MC_100 ombh2 omch2 tau A_planck calib_100T calib_217T A_cib_217 xi_sz_cib A_sz ksz_norm gal545_A_100 gal545_A_143 gal545_A_143_217 gal545_A_217 ps_A_100_100 ps_A_143_143 ps_A_143_217 ps_A_217_217 galf_TE_A_100 galf_TE_A_100_143 galf_TE_A_100_217 galf_TE_A_143 galf_TE_A_143_217 galf_TE_A_217
4.453461240096761458e-05 -2.660606177165586399e-05 8.670529006266480601e-06 1.612895070869901930e-08 -2.623332070950881110e-07 -5.670063296639855448e-07 -8.360161602249553125e-06 6.521604955340385305e-07 -1.244039370933405591e-07 -1.733081026826892113e-07 -6.811187331705239462e-03 1.117254987267757570e-04 1.725046528533882720e-03 -3.295341932146825682e-03 -2.682155175118731234e-04 -5.204219498948848329e-04 -5.524092214690911294e-04 1.824732908955494773e-03 -3.235173938840592983e-02 -1.508141997897028200e-02 -2.181666041686133786e-03 3.772266855400225726e-03 7.569978615302583864e-07 1.673290354395233075e-06 -4.212913608682878129e-06 8.426888508313342874e-06 1.765743613492055426e-05 5.530972692002827592e-05
-2.660606177165586399e-05 2.260314565966532459e-04 1.039401016840931805e-05 6.471577685448874368e-07 6.810023259067432511e-07 -5.006089210340939922e-06 1.059257514520731467e-04 9.224807720107847851e-06 3.652309241748776403e-07 -1.034669241361686046e-07 1.120435131386257914e-03 2.830902723103273923e-05 -3.537072943755444824e-04 -3.668241203615236145e-04 4.237257754189608793e-04 2.469840815901089558e-05 -1.026834376780917787e-03 -6.080373874395145727e-04 9.795960886138639287e-03 2.743074651471875437e-03 3.401572923631818440e-03 3.368254387520874544e-03 -7.856702494478213239e-06 -8.159361448449774587e-06 7.073836238189026722e-06 3.695934259636951121e-07 -5.695386897238883554e-06 -9.657661124516894627e-05
8.670529006266480601e-06 1.039401016840931805e-05 1.861685568019896440e-05 3.884459909866083861e-07 1.988523464837429751e-07 -3.427440918392984310e-06 1.001358310882008996e-05 8.012059764285553934e-07 -7.894122814001533877e-08 -1.358060067206884413e-07 -5.389820128671641945e-03 1.238804760197062776e-04 1.342862721693137982e-03 -3.197839296168221088e-03 1.868915935173588868e-04 -4.123448068932295679e-04 -6.063114684975259329e-04 1.036508081757980164e-03 -2.891847765355315750e-02 -9.195032955814258155e-03 1.769336825509390922e-03 5.888602528535515426e-03 -1.186988212087266882e-06 1.901309449354695241e-06 -4.137729816909882741e-06 3.966625963934570954e-06 3.959894977557936234e-06 -1.381689481986329318e-06
1.612895070869902592e-08 6.471577685448874368e-07 3.884459909866083861e-07 9.353874731645363671e-08 1.574893573549630726e-08 -1.189000918070022481e-07 3.855062130518347532e-07 3.151654095560510354e-08 1.504144393819768335e-09 -1.539112606064079345e-09 1.235489951712791036e-05 1.055051072995133097e-06 1.506337429351004542e-06 -1.074600564348209594e-05 1.033225285884892780e-05 1.280504833643487287e-05 -3.137722278542457019e-06 -2.091173981171081113e-05 -2.470037857438378329e-05 -5.775748350374614422e-05 -2.506151533826932773e-05 -3.943928321299029077e-05 -1.341503748097295636e-07 1.076752296510879287e-07 -8.031569113985891060e-08 1.461767260695046496e-07 2.941754547768711217e-08 -7.558856655689658202e-07
-2.623332070950881110e-07 6.810023259067432511e-07 1.988523464837429751e-07 1.574893573549630726e-08 2.259828537894142412e-08 -9.317601535173777820e-08 3.677703827729135671e-07 1.248096454125206260e-08 2.718145577032606520e-09 1.539424239700205098e-10 -2.069266993838949720e-05 1.339483805180234489e-06 7.520249227380065767e-06 -1.951206741243884002e-05 3.483094143637040970e-06 -6.462022220531845268e-07 -9.043561306732069549e-06 -1.449189122967253268e-05 -1.496217760596978781e-04 -1.058051431140628987e-04 -2.545199871202387531e-05 -1.513494944530395040e-05 -9.142137705081419431e-09 -2.350553384281576762e-08 -2.575211497605288387e-07 -2.647579423940718569e-07 -4.253208226643538976e-07 -2.013753676653190076e-06
-5.670063296639855448e-07 -5.006089210340939922e-06 -3.427440918392984310e-06 -1.189000918070022481e-07 -9.317601535173777820e-08 1.435760267180140246e-06 -3.949147504015983903e-06 -2.665166356996590112e-07 -3.225759848534229946e-09 2.128865773183633021e-08 2.304606125741153605e-04 -8.213662001120228211e-06 -9.714470601676493844e-05 2.224521533623351915e-04 4.831986164554109327e-06 -1.037176616332814027e-05 6.179854553696529956e-05 7.800898219542407594e-05 1.820463462752235865e-03 9.022796308384082838e-04 1.546445403576357579e-04 -5.684298711643901938e-05 4.067390242160575720e-07 1.076577856328149247e-07 1.731648458934044502e-06 1.439514355970411051e-07 1.047672881538357974e-06 9.121835560757087248e-06
-8.360161602249553125e-06 1.059257514520731467e-04 1.001358310882008996e-05 3.855062130518347532e-07 3.677703827729135671e-07 -3.949147504015983903e-06 5.826034087587487781e-05 -1.269118144818415531e-06 1.130653080858761236e-07 -7.454116206792045946e-08 -6.915802755502459124e-05 -1.367519271039907277e-05 1.850720951592919514e-04 -4.318786033716346252e-04 2.829239690049161577e-04 2.173026966112544397e-04 -4.757778525602842333e-04 -1.234439903957506007e-03 -3.523911954576490566e-03 -2.300090521411800749e-03 -4.854508877047910317e-04 -7.957825366272902167e-04 -5.890202291246695701e-06 -3.421083146098405544e-06 1.495279355637631655e-06 2.781846971172901040e-06 -3.492458050296604357e-06 -6.572791565723364558e-05
6.521604955340386364e-07 9.224807720107847851e-06 8.012059764285553934e-07 3.151654095560510354e-08 1.248096454125206260e-08 -2.665166356996590112e-07 -1.269118144818415319e-06 6.289281781799013752e-06 -1.419098774829126295e-08 -1.872807952687422911e-08 4.201777407414112827e-04 2.393683665698274465e-05 -6.006998055340665636e-05 2.646590375018113503e-05 2.524322721605831105e-05 -4.958005168005675028e-06 3.810484406737573163e-06 9.725044940570816074e-04 4.663653985201355635e-03 7.961792412119631044e-04 8.054301230322301200e-04 1.422361647537266236e-03 1.328549789542920958e-06 -3.020720779677667154e-07 -7.061862888279942213e-07 -2.503271731545576860e-07 2.418279511790841310e-06 1.281201660377198211e-05
-1.244039370933405591e-07 3.652309241748776403e-07 -7.894122814001533877e-08 1.504144393819768335e-09 2.718145577032606520e-09 -3.225759848534229946e-09 1.130653080858761236e-07 -1.419098774829126295e-08 3.803944727957921156e-07 2.034985061075858544e-09 -1.722607385167778499e-04 3.090984669728776882e-06 1.053061459356139734e-04 -7.635700117105405870e-05 1.830342859242243430e-04 -1.889122519218929973e-04 -3.564677439647896630e-05 5.854742093010014287e-05 4.008344779674273550e-03 1.446659529438782245e-04 4.616032777202402427e-04 4.443133297998365285e-04 -2.977986110309578602e-08 -1.832497993143787552e-07 3.892240327072366994e-08 -4.337299951546242649e-07 -7.130230339741676748e-08 2.491158040833307002e-07
-1.733081026826892642e-07 -1.034669241361686046e-07 -1.358060067206884413e-07 -1.539112606064079345e-09 1.539424239700205098e-10 2.128865773183633021e-08 -7.454116206792045946e-08 -1.872807952687422911e-08 2.034985061075858544e-09 3.786564653211325493e-07 7.338576612999614911e-04 -2.581985757840614888e-06 -2.235973348786808978e-05 3.302680770376933121e-05 8.823914212152271760e-06 -2.555767938697619412e-05 4.131239264118477289e-04 9.164583402523401780e-04 4.056232745453382076e-04 2.475782711878671727e-05 -4.317103316590920883e-04 -1.407214797874510766e-03 -1.841410786813502581e-07 -1.176532798480709276e-07 -9.633323402625416231e-07 4.286886250119798494e-07 -1.044202035532874743e-06 -3.883389471825457729e-06
-6.811187331705239462e-03 1.120435131386258130e-03 -5.389820128671641945e-03 1.235489951712791036e-05 -2.069266993838949381e-05 2.304606125741153605e-04 -6.915802755502453703e-05 4.201777407414112827e-04 -1.722607385167778499e-04 7.338576612999614911e-04 4.519824342301092202e+01 -3.983108850258382239e-01 -9.627925515283257685e-01 4.044239596644798040e-01 2.284229965623142955e-01 6.023198684985163753e-01 -5.562198775766973746e+00 -3.311544896755871292e+01 3.808598783433701129e+01 3.452500189212206916e+00 -1.321771830598085096e+01 -5.560527896811184689e+01 4.667141792590707126e-04 9.986539261695667746e-04 -4.129118275565994700e-03 3.373437300414421601e-04 3.251498340312231755e-03 -1.539342235437093920e-02
1.117254987267757570e-04 2.830902723103273923e-05 1.238804760197062776e-04 1.055051072995133097e-06 1.339483805180234913e-06 -8.213662001120228211e-06 -1.367519271039907447e-05 2.393683665698274465e-05 3.090984669728776882e-06 -2.581985757840614464e-06 -3.983108850258382239e-01 8.257762306027507937e-02 -4.465729717059576526e-02 2.727979460711829271e-02 -6.956048815023764889e-03 8.876331937136961239e-03 1.024021046034187393e-01 1.342530381539202844e-01 -6.113812798777833457e-01 8.966741561471051059e-01 1.682466324295743165e+00 6.551928194033064257e-01 -2.052404659237989592e-05 -1.889420484883249491e-04 -3.110537615942521187e-04 -3.396570081064550052e-04 8.534249541999827605e-05 4.924522614534852663e-04
1.725046528533882720e-03 -3.537072943755444824e-04 1.342862721693137982e-03 1.506337429351004542e-06 7.520249227380065767e-06 -9.714470601676493844e-05 1.850720951592919785e-04 -6.006998055340664959e-05 1.053061459356139734e-04 -2.235973348786807961e-05 -9.627925515283259905e-01 -4.465729717059576526e-02 4.086622845712625463e+00 -3.067534805293677280e+00 -1.960660521907272025e-01 1.582612744894468793e-01 2.764765995804917775e+00 3.553039383316253907e+00 -3.217920052690740107e+01 -3.878069576448429867e+00 7.887893070843938759e+00 5.531022488521452729e+00 -6.833549971107236902e-05 1.040620006882449168e-03 -7.911893541028886976e-04 1.923736842272455016e-03 1.473669407936801460e-03 1.193551431464492420e-02
-3.295341932146825682e-03 -3.668241203615235603e-04 -3.197839296168221088e-03 -1.074600564348209424e-05 -1.951206741243884002e-05 2.224521533623351915e-04 -4.318786033716345168e-04 2.646590375018114519e-05 -7.635700117105405870e-05 3.302680770376933121e-05 4.044239596644798040e-01 2.727979460711829965e-02 -3.067534805293677280e+00 6.502161877436423154e+00 6.532057510708297321e-02 -2.404726349376342109e-01 -2.235183037959713293e+00 -2.677976134680342124e+00 1.708687877864586113e+01 -4.038137055759094096e+00 -1.259055673526134989e+01 -1.015532589503865957e+01 -2.458900172637695346e-04 -1.240738093638157685e-03 -4.344509392427151951e-04 -1.036215857997243184e-03 -3.955680592639974902e-03 -5.360338328160897843e-03
-2.682155175118730692e-04 4.237257754189608251e-04 1.868915935173588868e-04 1.033225285884892611e-05 3.483094143637042240e-06 4.831986164554111021e-06 2.829239690049161577e-04 2.524322721605831105e-05 1.830342859242243430e-04 8.823914212152273454e-06 2.284229965623142400e-01 -6.956048815023764889e-03 -1.960660521907272025e-01 6.532057510708297321e-02 3.352156923358629026e+00 5.492329914600159180e-01 2.399706196916180090e-01 2.232125167645832020e-01 -5.952256242737584024e+00 -1.155016791821361494e-01 -6.501086346228841517e-01 -5.517390168834839237e-01 -7.722342780209722445e-04 1.375026049069259673e-04 4.156401665717033688e-04 -8.500099973309718088e-04 -2.590728318764240305e-03 -2.149949538091427709e-03
-5.204219498948848329e-04 2.469840815901089558e-05 -4.123448068932295679e-04 1.280504833643487287e-05 -6.462022220531851620e-07 -1.037176616332813519e-05 2.173026966112544397e-04 -4.958005168005675028e-06 -1.889122519218929973e-04 -2.555767938697619751e-05 6.023198684985163753e-01 8.876331937136961239e-03 1.582612744894468793e-01 -2.404726349376342109e-01 5.492329914600159180e-01 3.205353509735051620e+00 2.760696232455556842e+00 2.782113445912026695e+00 5.915937552981221259e+00 -1.135764533134778986e+00 -5.401036120191171630e-01 -1.074403489011299451e+00 1.144665032148377932e-03 -4.728764957571623766e-04 1.219606615809834798e-03 -1.090659917049334156e-03 1.989534162257957338e-03 3.462441567641723686e-03
-5.524092214690910210e-04 -1.026834376780917787e-03 -6.063114684975259329e-04 -3.137722278542459136e-06 -9.043561306732072938e-06 6.179854553696527246e-05 -4.757778525602842875e-04 3.810484406737594339e-06 -3.564677439647896630e-05 4.131239264118477289e-04 -5.562198775766973746e+00 1.024021046034187393e-01 2.764765995804917775e+00 -2.235183037959713737e+00 2.399706196916180090e-01 2.760696232455556842e+00 1.091982446150905517e+01 1.932046976992880616e+01 -1.264175999913206638e+01 3.273711214976346984e+00 5.100781707768818229e+00 5.402541921074147879e+00 2.051233071734274624e-04 6.824886636481136519e-04 -3.988536069231101745e-03 1.907232372430688093e-03 -1.306062316872145255e-03 5.567646769342919112e-03
1.824732908955495206e-03 -6.080373874395145727e-04 1.036508081757979947e-03 -2.091173981171081113e-05 -1.449189122967253268e-05 7.800898219542407594e-05 -1.234439903957505573e-03 9.725044940570816074e-04 5.854742093010014287e-05 9.164583402523401780e-04 -3.311544896755871292e+01 1.342530381539202844e-01 3.553039383316253019e+00 -2.677976134680342124e+00 2.232125167645832575e-01 2.782113445912026251e+00 1.932046976992880616e+01 5.342692731040912690e+01 -2.546394514548304855e+01 3.017600414425174460e+00 8.497017572603686730e+00 3.345301829913807978e+01 5.945799325008490266e-04 1.366099303278722190e-03 -4.153225264092954075e-03 6.043185986975246719e-03 -6.423132466423705882e-03 -4.516841997105402323e-03
-3.235173938840593677e-02 9.795960886138639287e-03 -2.891847765355315750e-02 -2.470037857438379345e-05 -1.496217760596978781e-04 1.820463462752235865e-03 -3.523911954576490566e-03 4.663653985201355635e-03 4.008344779674273550e-03 4.056232745453382076e-04 3.808598783433701129e+01 -6.113812798777833457e-01 -3.217920052690740107e+01 1.708687877864586113e+01 -5.952256242737584024e+00 5.915937552981221259e+00 -1.264175999913206638e+01 -2.546394514548304855e+01 8.029142573226837385e+02 7.649605738281005074e+01 -5.533710156017803428e+01 -6.061607439985914425e+01 1.607584425376480317e-02 -7.102047146707461504e-03 7.040485463988350318e-03 -1.380529389520783988e-02 -1.592066333552459578e-02 -2.028507781530736465e-01
-1.508141997897028200e-02 2.743074651471875437e-03 -9.195032955814258155e-03 -5.775748350374615778e-05 -1.058051431140628987e-04 9.022796308384082838e-04 -2.300090521411800315e-03 7.961792412119631044e-04 1.446659529438782245e-04 2.475782711878672743e-05 3.452500189212206916e+00 8.966741561471054389e-01 -3.878069576448429867e+00 -4.038137055759094096e+00 -1.155016791821361910e-01 -1.135764533134779208e+00 3.273711214976346984e+00 3.017600414425174460e+00 7.649605738281005074e+01 6.568155941937875753e+01 4.084825149520837329e+01 1.503904659568175006e+01 1.778307839431415242e-03 -3.304129824168330638e-03 1.900003015705567424e-03 -6.985013150610766032e-03 3.159163963045473001e-04 -3.332063700001342693e-02
-2.181666041686133786e-03 3.401572923631818006e-03 1.769336825509391356e-03 -2.506151533826932773e-05 -2.545199871202388547e-05 1.546445403576357579e-04 -4.854508877047911944e-04 8.054301230322301200e-04 4.616032777202402427e-04 -4.317103316590920883e-04 -1.321771830598085096e+01 1.682466324295743165e+00 7.887893070843938759e+00 -1.259055673526134989e+01 -6.501086346228841517e-01 -5.401036120191171630e-01 5.100781707768818229e+00 8.497017572603686730e+00 -5.533710156017804138e+01 4.084825149520837329e+01 8.624911678711144702e+01 5.483641402542004784e+01 3.310559732449939053e-03 -8.987666185238417978e-04 -7.284746055919045094e-05 -4.543801812492838724e-03 8.860982595629732922e-03 1.638233648382045327e-02
3.772266855400225726e-03 3.368254387520874544e-03 5.888602528535515426e-03 -3.943928321299029755e-05 -1.513494944530395040e-05 -5.684298711643901938e-05 -7.957825366272903251e-04 1.422361647537266453e-03 4.443133297998365285e-04 -1.407214797874510766e-03 -5.560527896811184689e+01 6.551928194033063146e-01 5.531022488521451841e+00 -1.015532589503865957e+01 -5.517390168834838127e-01 -1.074403489011299451e+00 5.402541921074147879e+00 3.345301829913807978e+01 -6.061607439985914425e+01 1.503904659568175006e+01 5.483641402542004784e+01 1.051617387764668479e+02 1.443210883221723298e-03 -9.125238164273855946e-04 1.130491328924210746e-02 -2.714156139637964506e-03 -2.518957057043704015e-04 2.588959991783750317e-02
7.569978615302584923e-07 -7.856702494478213239e-06 -1.186988212087266670e-06 -1.341503748097295901e-07 -9.142137705081434320e-09 4.067390242160574662e-07 -5.890202291246695701e-06 1.328549789542920747e-06 -2.977986110309576617e-08 -1.841410786813503110e-07 4.667141792590696826e-04 -2.052404659237990270e-05 -6.833549971107236902e-05 -2.458900172637698599e-04 -7.722342780209722445e-04 1.144665032148377498e-03 2.051233071734274624e-04 5.945799325008493518e-04 1.607584425376480664e-02 1.778307839431414374e-03 3.310559732449939053e-03 1.443210883221724165e-03 1.445164614596694151e-03 2.918998877397172725e-04 7.735095498135225334e-05 -3.497452676998935497e-04 -1.148638533379197908e-04 -1.067847414188031688e-04
1.673290354395233075e-06 -8.159361448449774587e-06 1.901309449354694818e-06 1.076752296510879287e-07 -2.350553384281577093e-08 1.076577856328151629e-07 -3.421083146098406391e-06 -3.020720779677667154e-07 -1.832497993143787287e-07 -1.176532798480709673e-07 9.986539261695665578e-04 -1.889420484883250033e-04 1.040620006882449168e-03 -1.240738093638157902e-03 1.375026049069262113e-04 -4.728764957571623766e-04 6.824886636481138687e-04 1.366099303278722190e-03 -7.102047146707464106e-03 -3.304129824168329337e-03 -8.987666185238414726e-04 -9.125238164273859198e-04 2.918998877397172725e-04 8.974620530004103966e-04 4.032482735515246927e-05 7.520959837907871580e-04 3.393027852131268445e-05 -6.791590815990897157e-04
-4.212913608682874741e-06 7.073836238189025028e-06 -4.137729816909883588e-06 -8.031569113985893707e-08 -2.575211497605288917e-07 1.731648458934044502e-06 1.495279355637628479e-06 -7.061862888279942213e-07 3.892240327072367655e-08 -9.633323402625414113e-07 -4.129118275565992098e-03 -3.110537615942521187e-04 -7.911893541028894566e-04 -4.344509392427163877e-04 4.156401665717032062e-04 1.219606615809834798e-03 -3.988536069231103480e-03 -4.153225264092954942e-03 7.040485463988350318e-03 1.900003015705568291e-03 -7.284746055918978687e-05 1.130491328924210746e-02 7.735095498135223979e-05 4.032482735515246250e-05 7.125966428222401186e-03 -3.343543215628875143e-04 7.052091522435483244e-04 4.500544249606658678e-03
8.426888508313339486e-06 3.695934259636961179e-07 3.966625963934570954e-06 1.461767260695046496e-07 -2.647579423940718569e-07 1.439514355970411580e-07 2.781846971172903157e-06 -2.503271731545583213e-07 -4.337299951546242649e-07 4.286886250119798494e-07 3.373437300414422685e-04 -3.396570081064550052e-04 1.923736842272455666e-03 -1.036215857997242751e-03 -8.500099973309723509e-04 -1.090659917049334373e-03 1.907232372430687443e-03 6.043185986975245852e-03 -1.380529389520783815e-02 -6.985013150610766032e-03 -4.543801812492837856e-03 -2.714156139637964940e-03 -3.497452676998935497e-04 7.520959837907871580e-04 -3.343543215628875143e-04 2.913653769015065592e-03 5.695680485501763632e-04 -7.717104609763472591e-04
1.765743613492055426e-05 -5.695386897238883554e-06 3.959894977557935387e-06 2.941754547768711217e-08 -4.253208226643538976e-07 1.047672881538358186e-06 -3.492458050296605627e-06 2.418279511790841734e-06 -7.130230339741672777e-08 -1.044202035532874743e-06 3.251498340312231755e-03 8.534249541999831671e-05 1.473669407936800809e-03 -3.955680592639974902e-03 -2.590728318764240739e-03 1.989534162257956904e-03 -1.306062316872145255e-03 -6.423132466423705882e-03 -1.592066333552459925e-02 3.159163963045473001e-04 8.860982595629732922e-03 -2.518957057043697510e-04 -1.148638533379197908e-04 3.393027852131269800e-05 7.052091522435483244e-04 5.695680485501763632e-04 6.436668476104227647e-03 7.781918769771144911e-03
5.530972692002827592e-05 -9.657661124516894627e-05 -1.381689481986329318e-06 -7.558856655689660320e-07 -2.013753676653190076e-06 9.121835560757087248e-06 -6.572791565723364558e-05 1.281201660377198211e-05 2.491158040833307531e-07 -3.883389471825457729e-06 -1.539342235437094961e-02 4.924522614534852663e-04 1.193551431464492420e-02 -5.360338328160896976e-03 -2.149949538091428577e-03 3.462441567641723686e-03 5.567646769342918245e-03 -4.516841997105402323e-03 -2.028507781530737020e-01 -3.332063700001341999e-02 1.638233648382045327e-02 2.588959991783750317e-02 -1.067847414188031688e-04 -6.791590815990896073e-04 4.500544249606658678e-03 -7.717104609763472591e-04 7.781918769771144911e-03 7.150746699400011008e-02
