# omk logA ns theta_MC_100 ombh2 omch2 tau A_planck calib_100T calib_217T A_cib_217 xi_sz_cib A_sz ksz_norm gal545_A_100 gal545_A_143 gal545_A_143_217 gal545_A_217 ps_A_100_100 ps_A_143_143 ps_A_143_217 ps_A_217_217 galf_TE_A_100 galf_TE_A_100_143 galf_TE_A_100_217 galf_TE_A_143 galf_TE_A_143_217 galf_TE_A_217
4.161468811468948793e-05 5.900056167528903360e-05 -1.315171631215222590e-05 -5.299748979457967800e-07 -4.090795858640995869e-07 5.333576311615331529e-06 2.042358229712577428e-05 2.511061901545917976e-06 4.880634473537330963e-08 1.362412949316270441e-07 8.292517225264234900e-04 -1.111268197839091924e-05 -6.246926343144866122e-04 5.624113659243461282e-04 -1.705112201687278208e-04 -2.641727373881744647e-04 2.605621884527142525e-04 1.176123622072736260e-03 8.254439733523084854e-03 6.044593281232568498e-03 2.777105768207509522e-03 2.975025086457644928e-03 1.523950709348306475e-06 -4.243422020575862170e-07 -2.061899702001836882e-06 3.375308583743677572e-06 8.035589734024447078e-06 5.145491104682074670e-05
5.900056167528903360e-05 2.988782383687952769e-04 -3.820930290413084941e-06 -8.526981095724979836e-09 -1.540911687980693480e-08 2.311742646436141225e-06 1.325634127842720256e-04 1.269145696387580433e-05 2.281199721810525099e-07 -9.984811580358851033e-08 -1.736265228685186747e-03 1.054499317834204676e-04 -6.152584113602025577e-05 -6.922134953569463334e-04 -8.315186307986701915e-04 -9.037016947957007091e-04 -9.550123603440141594e-04 1.523036269667940503e-03 -1.024622922476855526e-03 3.070265495455365835e-04 3.725023733703598794e-03 8.247880417867217359e-03 -2.263518922327302679e-06 -2.631181162606979112e-06 -1.305088238030003420e-05 -1.632368747323086284e-08 -1.407436507915887748e-05 -7.652802976132621238e-05
-1.315171631215222590e-05 -3.820930290413084941e-06 2.106792840344218098e-05 5.808871710597925492e-07 3.825597606286256957e-07 -5.044827690607917911e-06 5.352292385919960996e-06 -6.081492035789610189e-07 -7.661504111321388572e-08 -9.013044159552052802e-08 -4.205566364419731362e-03 9.817834757217139632e-05 1.102968187761481670e-03 -2.351631512652878342e-03 3.347242664979993977e-04 -3.474610712612475802e-04 -4.756722656579847144e-04 6.168512585993387405e-04 -2.582593063006899739e-02 -8.693283188487907140e-03 1.971523867271891709e-04 2.838751388385218118e-03 -1.108878805978778090e-06 1.228065918310957257e-07 8.496850319346230441e-06 -6.873090691103896747e-06 -9.529521275731877311e-06 -4.508828768043674303e-05
-5.299748979457967800e-07 -8.526981095724979836e-09 5.808871710597925492e-07 1.003990157597245889e-07 2.152541868350420406e-08 -1.825962636593804249e-07 1.698164269660439617e-07 -2.900941742859745368e-09 -1.819761056965675793e-09 -2.532109631474439167e-09 -6.135099110902502891e-06 -3.931021486079609181e-07 1.445316505079699450e-05 -2.201255725675939205e-05 -1.943022281183091366e-06 6.458183995531097199e-06 -1.393080096376675952e-05 -1.881458160600398170e-05 -3.015687717367782116e-04 -1.993484858440125256e-04 -8.676979954915328046e-05 -8.267254465927235192e-05 5.605823692132391798e-08 1.567132585270736279e-07 1.089313038361526752e-07 -4.558124377497543921e-07 -6.942395322800590540e-07 -2.754784286613130554e-06
-4.090795858640995869e-07 -1.540911687980693480e-08 3.825597606286256957e-07 2.152541868350420406e-08 2.509919195708597267e-08 -1.478841520095761820e-07 1.336553931468117847e-07 -5.883300372770662074e-09 2.556851792956180790e-10 -2.942398765679235506e-09 -8.906397810762703481e-05 1.798906257015749500e-06 1.595568615393106246e-05 -2.618340239449593515e-05 -5.918623492624273926e-06 -7.225809298697420648e-06 -2.082573403478734416e-05 -1.824511665832642839e-06 -4.167324711149655685e-04 -2.774800560568990108e-04 -1.144755107888633451e-04 -4.735596998724405298e-05 -1.604718482018929570e-08 7.043237961062637760e-09 7.520854637336980989e-08 -2.365125437113592116e-07 -5.081504834333312686e-07 -2.729274195096183083e-06
5.333576311615331529e-06 2.311742646436141225e-06 -5.044827690607917911e-06 -1.825962636593804249e-07 -1.478841520095761820e-07 2.083131363831021444e-06 -1.420867934756332196e-06 1.218729911507144410e-07 2.137846090610395361e-09 1.437220195044594823e-08 3.336607791291277517e-04 -1.225464623710058205e-05 -1.258492359763355389e-04 1.444221135192884321e-04 -2.154477219941311196e-05 -5.913301390057336882e-07 7.557018658768057827e-05 1.035308473328181204e-04 2.628725756125799284e-03 1.728739334402244797e-03 7.380390462556583875e-04 6.256697635391881770e-04 4.629489535791287213e-07 -2.255484297817566677e-07 -1.405728509894972173e-06 2.187057530236127889e-06 3.957424766687773660e-06 1.923715348921839090e-05
2.042358229712577428e-05 1.325634127842720256e-04 5.352292385919960996e-06 1.698164269660439617e-07 1.336553931468117847e-07 -1.420867934756332196e-06 6.850857232566364297e-05 -4.146326224215143886e-07 4.155970045285419420e-08 -2.558224112796405438e-08 -1.152151922664279094e-03 3.493405759056565234e-05 2.361775260573282988e-04 -3.731356177582730548e-04 -2.432275249450996444e-04 -2.231068428117125523e-04 -2.949492181861227314e-04 -5.487159424820994922e-05 -7.212774125990572931e-03 -2.616141610913595098e-03 -1.100032652765034789e-04 5.934117930773225242e-04 -3.159814508634213289e-06 -7.622169132334744980e-07 -3.513959605796269043e-06 -2.239133884275893422e-06 -1.371388262891592911e-05 -7.147472529414768518e-05
2.511061901545917976e-06 1.269145696387580433e-05 -6.081492035789610189e-07 -2.900941742859745368e-09 -5.883300372770662074e-09 1.218729911507144410e-07 -4.146326224215144416e-07 6.527643033402342889e-06 -1.587649124744824214e-09 -2.753346970687036194e-08 6.730645285983168297e-04 9.787964452651476269e-06 -5.984765354290739152e-05 1.387667460652404494e-04 2.043742163505185875e-05 6.507933712702203657e-05 6.959547996010999977e-05 8.573056445016698527e-04 5.312983063445980529e-03 7.369917012963323041e-04 4.092071926917821545e-04 1.384414766310372406e-03 1.645481993372823634e-06 8.607716156800565546e-08 -4.551395854594383613e-07 1.729588245152411460e-07 2.818552428433629004e-06 1.263658639181405683e-05
4.880634473537329639e-08 2.281199721810525099e-07 -7.661504111321388572e-08 -1.819761056965675793e-09 2.556851792956180790e-10 2.137846090610395361e-09 4.155970045285419420e-08 -1.587649124744824214e-09 3.770817428181743280e-07 -2.294111939909233481e-09 -2.063210953199369805e-04 6.531840302346287139e-06 1.012375494313393396e-04 -6.832263681225745451e-05 1.632869081405564969e-04 -1.904323753599033520e-04 -4.891223329287101916e-05 1.503745564975195855e-05 3.958440108808785468e-03 1.261127532451892868e-04 4.905615901248349927e-04 4.873335235975343122e-04 -1.209338377665274226e-07 -2.789953059534623847e-07 7.106882521645545516e-07 -3.190146023676630818e-07 4.103174400212220552e-07 5.123608643135704068e-07
1.362412949316270441e-07 -9.984811580358851033e-08 -9.013044159552052802e-08 -2.532109631474439167e-09 -2.942398765679235506e-09 1.437220195044594823e-08 -2.558224112796405438e-08 -2.753346970687036194e-08 -2.294111939909233481e-09 3.875853938580756718e-07 7.597787773855824633e-04 -1.497253981482525956e-06 -2.917991318207793517e-05 2.846642900802232279e-06 2.325720725015419950e-06 -2.996572517940402291e-05 3.997883924367554432e-04 8.638271375836014754e-04 2.083477541350201403e-04 1.083652387272637975e-04 -3.148654797774102392e-04 -1.337396738286648424e-03 -5.713515297901870361e-08 -1.791567487153868284e-07 -1.953964431604916296e-06 1.790823996447009496e-07 -7.194093724708282462e-08 -5.861229078956631936e-07
8.292517225264235984e-04 -1.736265228685186313e-03 -4.205566364419731362e-03 -6.135099110902502891e-06 -8.906397810762703481e-05 3.336607791291277517e-04 -1.152151922664279094e-03 6.730645285983168297e-04 -2.063210953199369805e-04 7.597787773855824633e-04 4.404968191890026219e+01 -4.205078116523808807e-01 -5.742651794062929582e-01 -4.107621526560399361e-01 1.482327654460260380e-01 2.947786085947295964e-01 -5.994148163299893639e+00 -3.324968343035699547e+01 3.177211800787972606e+01 8.069983838690593103e-01 -1.301195178141345110e+01 -5.397414824807815137e+01 8.000702642036327421e-05 -1.151093408417768957e-03 -1.705420916464493036e-02 -7.303905439119438153e-03 -1.531486827522551310e-02 -1.133415309257270083e-02
-1.111268197839092601e-05 1.054499317834204541e-04 9.817834757217139632e-05 -3.931021486079612887e-07 1.798906257015749500e-06 -1.225464623710058205e-05 3.493405759056564556e-05 9.787964452651476269e-06 6.531840302346287139e-06 -1.497253981482526167e-06 -4.205078116523807696e-01 8.168521916305353237e-02 -4.865513216927274537e-02 5.213535719302940519e-02 -2.063759887939931297e-03 1.081587716406532534e-02 1.079988649611399176e-01 1.624551148171077541e-01 -4.747316426598772732e-01 9.589882349244635007e-01 1.703592706498645137e+00 6.660915958865206710e-01 3.538250339614208690e-05 -1.435274110816165923e-04 3.353799354738838103e-04 -2.792004969357240259e-04 5.603175302137617395e-04 1.656296291711448427e-03
-6.246926343144865038e-04 -6.152584113602025577e-05 1.102968187761481670e-03 1.445316505079699958e-05 1.595568615393106246e-05 -1.258492359763355389e-04 2.361775260573282175e-04 -5.984765354290739152e-05 1.012375494313393396e-04 -2.917991318207793517e-05 -5.742651794062928472e-01 -4.865513216927274537e-02 3.748805677559715832e+00 -2.619659822427983009e+00 -1.208240105165234030e-01 1.613525495682522348e-01 2.592450688491385602e+00 3.148022180172248774e+00 -2.961584384716194052e+01 -3.097419448836179701e+00 7.383598780703437114e+00 4.807457010034571709e+00 7.103485541880601032e-04 -5.671320028638209465e-05 -3.439003639718559205e-04 1.204592332063497348e-03 -1.979684162259487748e-03 -4.065776839099762875e-03
5.624113659243461282e-04 -6.922134953569462250e-04 -2.351631512652878342e-03 -2.201255725675939205e-05 -2.618340239449593515e-05 1.444221135192884321e-04 -3.731356177582730548e-04 1.387667460652404765e-04 -6.832263681225745451e-05 2.846642900802231009e-06 -4.107621526560400471e-01 5.213535719302940519e-02 -2.619659822427983009e+00 5.551554761714112551e+00 6.590306417785922466e-02 -2.005105641321934806e-01 -2.098281188689218091e+00 -2.205764050377028607e+00 1.300316395388528612e+01 -4.810944332110844712e+00 -1.113620894016490226e+01 -8.381507587707801576e+00 -1.040189034832856392e-03 5.739581939714165750e-04 1.135608646164251636e-03 -1.530551030649124735e-03 -1.483197906641598720e-03 -9.490904506163863087e-04
-1.705112201687277666e-04 -8.315186307986701915e-04 3.347242664979993435e-04 -1.943022281183090943e-06 -5.918623492624275620e-06 -2.154477219941310857e-05 -2.432275249450995902e-04 2.043742163505186214e-05 1.632869081405564969e-04 2.325720725015419950e-06 1.482327654460260657e-01 -2.063759887939932598e-03 -1.208240105165233891e-01 6.590306417785921078e-02 3.306191551848134846e+00 5.560755196662311439e-01 3.148539573308498096e-01 3.215039020458398400e-01 -7.321273307086292093e+00 -3.442693873175120545e-01 -6.213761207722784397e-01 -5.515831764636084378e-01 -7.802322573430146889e-04 -9.888274286565116103e-04 4.065161206709837910e-03 -3.139243155141352350e-03 -4.408480768240114313e-04 5.896368252522764773e-03
-2.641727373881744105e-04 -9.037016947957007091e-04 -3.474610712612475802e-04 6.458183995531097199e-06 -7.225809298697420648e-06 -5.913301390057399351e-07 -2.231068428117125794e-04 6.507933712702206367e-05 -1.904323753599033520e-04 -2.996572517940402291e-05 2.947786085947295964e-01 1.081587716406532534e-02 1.613525495682522348e-01 -2.005105641321934806e-01 5.560755196662311439e-01 3.210117879177199374e+00 2.863453568138890848e+00 3.118372103915541871e+00 6.028650102495391572e+00 -1.253193468230073604e+00 -7.366609602362639286e-01 -1.019208009184147334e+00 2.383898294271443764e-03 8.663442184108331593e-04 -1.101446878346634640e-03 -8.008439737108665238e-05 2.316141098330695008e-03 1.088098690576139258e-03
2.605621884527144151e-04 -9.550123603440143763e-04 -4.756722656579847144e-04 -1.393080096376675952e-05 -2.082573403478734416e-05 7.557018658768057827e-05 -2.949492181861226772e-04 6.959547996011001332e-05 -4.891223329287102594e-05 3.997883924367553890e-04 -5.994148163299893639e+00 1.079988649611399315e-01 2.592450688491385602e+00 -2.098281188689218535e+00 3.148539573308498651e-01 2.863453568138890848e+00 1.107587297179493646e+01 1.983578625229685954e+01 -1.181491487050767120e+01 3.869872476994506094e+00 4.965543160187058547e+00 5.581167660642239348e+00 2.844070626556294886e-03 2.077663806920034296e-05 -3.984168699719732414e-03 1.055333999983953594e-03 2.616278885515036824e-03 2.485618907806044948e-03
1.176123622072736477e-03 1.523036269667940286e-03 6.168512585993387405e-04 -1.881458160600397832e-05 -1.824511665832639027e-06 1.035308473328181068e-04 -5.487159424820984758e-05 8.573056445016698527e-04 1.503745564975195855e-05 8.638271375836014754e-04 -3.324968343035699547e+01 1.624551148171077541e-01 3.148022180172248774e+00 -2.205764050377028607e+00 3.215039020458398400e-01 3.118372103915541871e+00 1.983578625229685954e+01 5.419659126255995574e+01 -2.214503135251343124e+01 5.050161289760380257e+00 8.262875330329686463e+00 3.321587875503037424e+01 3.932810753688610779e-03 1.089028492988209414e-03 2.586993092852987990e-03 7.746708021478105471e-03 1.088913710894336834e-02 8.441675780368855520e-03
8.254439733523083120e-03 -1.024622922476855309e-03 -2.582593063006899739e-02 -3.015687717367782116e-04 -4.167324711149656769e-04 2.628725756125799284e-03 -7.212774125990572931e-03 5.312983063445980529e-03 3.958440108808785468e-03 2.083477541350201945e-04 3.177211800787971896e+01 -4.747316426598772732e-01 -2.961584384716194052e+01 1.300316395388528612e+01 -7.321273307086292093e+00 6.028650102495391572e+00 -1.181491487050767475e+01 -2.214503135251343480e+01 7.919816223283315821e+02 6.622722847860427464e+01 -5.295215866521088088e+01 -5.398057053580723164e+01 1.333460882214691952e-02 1.072363048785664012e-02 -9.716279846189303931e-03 -2.669833888490995115e-03 5.333304487237784663e-02 -1.702394408137338899e-03
6.044593281232568498e-03 3.070265495455364209e-04 -8.693283188487907140e-03 -1.993484858440125256e-04 -2.774800560568990108e-04 1.728739334402244797e-03 -2.616141610913595098e-03 7.369917012963323041e-04 1.261127532451893139e-04 1.083652387272638246e-04 8.069983838690590883e-01 9.589882349244635007e-01 -3.097419448836179701e+00 -4.810944332110844712e+00 -3.442693873175119990e-01 -1.253193468230073604e+00 3.869872476994506094e+00 5.050161289760380257e+00 6.622722847860427464e+01 6.159372953433961584e+01 4.137723476619921570e+01 1.679020627555661349e+01 1.271288848391165021e-03 -3.111133127952738983e-03 -2.167088593284582172e-04 -1.409828972155888899e-03 2.309511122925098081e-02 6.371697722914558548e-02
2.777105768207509522e-03 3.725023733703598794e-03 1.971523867271891709e-04 -8.676979954915328046e-05 -1.144755107888633451e-04 7.380390462556586043e-04 -1.100032652765036415e-04 4.092071926917821545e-04 4.905615901248349927e-04 -3.148654797774101850e-04 -1.301195178141345110e+01 1.703592706498645137e+00 7.383598780703437114e+00 -1.113620894016490226e+01 -6.213761207722786617e-01 -7.366609602362639286e-01 4.965543160187058547e+00 8.262875330329686463e+00 -5.295215866521088088e+01 4.137723476619921570e+01 8.495165366440161847e+01 5.249807339719208699e+01 2.361716830987636156e-03 -3.155472599786185006e-03 9.163394170231134797e-03 3.461796704085827892e-03 2.807674738622446126e-02 7.333850707704674121e-02
2.975025086457644928e-03 8.247880417867217359e-03 2.838751388385218118e-03 -8.267254465927235192e-05 -4.735596998724405298e-05 6.256697635391881770e-04 5.934117930773226326e-04 1.384414766310372406e-03 4.873335235975343122e-04 -1.337396738286648424e-03 -5.397414824807815137e+01 6.660915958865206710e-01 4.807457010034571709e+00 -8.381507587707801576e+00 -5.515831764636084378e-01 -1.019208009184147334e+00 5.581167660642239348e+00 3.321587875503037424e+01 -5.398057053580723164e+01 1.679020627555661349e+01 5.249807339719208699e+01 1.015639100150617793e+02 1.142947928910997227e-03 1.306153596225556883e-04 1.811493042204817897e-02 1.413018283662555510e-02 3.217292379553776671e-02 4.797837706581988687e-02
1.523950709348306051e-06 -2.263518922327303949e-06 -1.108878805978778090e-06 5.605823692132391136e-08 -1.604718482018930232e-08 4.629489535791286154e-07 -3.159814508634212019e-06 1.645481993372824270e-06 -1.209338377665273431e-07 -5.713515297901872346e-08 8.000702642036350461e-05 3.538250339614210723e-05 7.103485541880599947e-04 -1.040189034832856609e-03 -7.802322573430146889e-04 2.383898294271443764e-03 2.844070626556294452e-03 3.932810753688611646e-03 1.333460882214691952e-02 1.271288848391165021e-03 2.361716830987636590e-03 1.142947928910995926e-03 1.448131766660340318e-03 2.754661690011551739e-04 3.160343458427441896e-05 -3.384897775062904474e-04 -4.250633858229212252e-05 -1.210140009519286168e-05
-4.243422020575855817e-07 -2.631181162606979112e-06 1.228065918310955668e-07 1.567132585270736279e-07 7.043237961062642723e-09 -2.255484297817566677e-07 -7.622169132334752391e-07 8.607716156800557605e-08 -2.789953059534623847e-07 -1.791567487153868284e-07 -1.151093408417768957e-03 -1.435274110816165652e-04 -5.671320028638217596e-05 5.739581939714163581e-04 -9.888274286565116103e-04 8.663442184108331593e-04 2.077663806920045477e-05 1.089028492988209414e-03 1.072363048785664012e-02 -3.111133127952740284e-03 -3.155472599786184572e-03 1.306153596225552004e-04 2.754661690011551739e-04 8.789280925520859614e-04 2.312189212506450726e-05 7.289977793593548300e-04 2.567170423836668704e-05 -8.204437544745830880e-04
-2.061899702001836035e-06 -1.305088238030003081e-05 8.496850319346228747e-06 1.089313038361526752e-07 7.520854637336982313e-08 -1.405728509894972385e-06 -3.513959605796266925e-06 -4.551395854594380437e-07 7.106882521645545516e-07 -1.953964431604916296e-06 -1.705420916464492689e-02 3.353799354738836477e-04 -3.439003639718570590e-04 1.135608646164252286e-03 4.065161206709837910e-03 -1.101446878346634640e-03 -3.984168699719731546e-03 2.586993092852987990e-03 -9.716279846189300462e-03 -2.167088593284580546e-04 9.163394170231140001e-03 1.811493042204817550e-02 3.160343458427441896e-05 2.312189212506450387e-05 7.189017402121907624e-03 -2.853147602320412184e-04 5.226821178820876710e-04 4.356050582747151081e-03
3.375308583743676725e-06 -1.632368747323401606e-08 -6.873090691103895053e-06 -4.558124377497542333e-07 -2.365125437113592116e-07 2.187057530236127889e-06 -2.239133884275892151e-06 1.729588245152416225e-07 -3.190146023676630818e-07 1.790823996447009496e-07 -7.303905439119438153e-03 -2.792004969357240259e-04 1.204592332063497565e-03 -1.530551030649124735e-03 -3.139243155141352350e-03 -8.008439737108657107e-05 1.055333999983954028e-03 7.746708021478105471e-03 -2.669833888491002921e-03 -1.409828972155888248e-03 3.461796704085829193e-03 1.413018283662555510e-02 -3.384897775062905016e-04 7.289977793593548300e-04 -2.853147602320412184e-04 2.858169904111512900e-03 4.746524680668261784e-04 -1.260653124443736599e-03
8.035589734024447078e-06 -1.407436507915887748e-05 -9.529521275731877311e-06 -6.942395322800590540e-07 -5.081504834333312686e-07 3.957424766687773660e-06 -1.371388262891592911e-05 2.818552428433630275e-06 4.103174400212218964e-07 -7.194093724708282462e-08 -1.531486827522551310e-02 5.603175302137617395e-04 -1.979684162259486881e-03 -1.483197906641599154e-03 -4.408480768240111061e-04 2.316141098330695442e-03 2.616278885515037692e-03 1.088913710894336660e-02 5.333304487237786051e-02 2.309511122925097734e-02 2.807674738622446126e-02 3.217292379553775977e-02 -4.250633858229212252e-05 2.567170423836669720e-05 5.226821178820875626e-04 4.746524680668261784e-04 6.362348784978074170e-03 7.714091581341911419e-03
5.145491104682074670e-05 -7.652802976132621238e-05 -4.508828768043674303e-05 -2.754784286613130554e-06 -2.729274195096183083e-06 1.923715348921839090e-05 -7.147472529414769873e-05 1.263658639181405683e-05 5.123608643135705126e-07 -5.861229078956627701e-07 -1.133415309257270256e-02 1.656296291711448427e-03 -4.065776839099762008e-03 -9.490904506163885855e-04 5.896368252522764773e-03 1.088098690576140559e-03 2.485618907806046683e-03 8.441675780368852050e-03 -1.702394408137367305e-03 6.371697722914561324e-02 7.333850707704675509e-02 4.797837706581988687e-02 -1.210140009519277020e-05 -8.204437544745830880e-04 4.356050582747151081e-03 -1.260653124443736599e-03 7.714091581341912286e-03 7.036151386693784149e-02
