# nnu logA ns theta_MC_100 ombh2 omch2 tau A_planck calib_100T calib_217T A_cib_217 xi_sz_cib A_sz ksz_norm gal545_A_100 gal545_A_143 gal545_A_143_217 gal545_A_217 ps_A_100_100 ps_A_143_143 ps_A_143_217 ps_A_217_217 galf_TE_A_100 galf_TE_A_100_143 galf_TE_A_100_217 galf_TE_A_143 galf_TE_A_143_217 galf_TE_A_217
3.497737476889880431e-02 1.853756151168816854e-03 1.375800209058452347e-03 -5.802185072620228529e-05 3.075503490373946439e-05 4.903824406835939273e-04 2.588322134992723702e-04 9.967275158153001406e-06 -1.224776865422284831e-06 2.887336962519379755e-06 1.786150552683492543e-01 -3.608022999713617236e-03 -2.380836265336770674e-02 6.122139584180515126e-02 1.412724687906006561e-02 2.438663010785820789e-02 2.400434611226523116e-02 -3.933612872075987338e-02 7.311608008711356632e-01 3.428816799654290648e-01 9.424400402117567854e-02 -4.640571892890917038e-02 -2.137626895369901324e-05 1.732460636921219851e-05 -2.540173282016071040e-04 -5.652271408213527216e-05 -4.980718956703969084e-05 -1.215586174936772207e-04
1.853756151168816854e-03 2.995546745337402230e-04 8.786675464614990662e-05 -2.417416803815287847e-06 2.132714123779740433e-06 2.117803919389943772e-05 1.094603613996693179e-04 1.027414277988000951e-05 -1.416594444177474189e-07 -2.165439317361596410e-07 6.647194911910974183e-03 -1.084274214696943336e-04 -1.600357085383709820e-04 1.090922527300423623e-03 4.226204932953840898e-05 5.936503978556192549e-04 6.764794002073774501e-04 -6.562226334476292363e-04 2.399816912097718635e-02 1.148138469119813418e-02 5.397027797953582971e-03 2.570355880283310950e-03 7.856160044810987209e-06 -9.543751081767696773e-07 -3.895300589960691849e-05 -5.631932897615666355e-06 -2.077745620684470220e-05 -9.605901617879938534e-05
1.375800209058452347e-03 8.786675464614990662e-05 7.069158906020228650e-05 -1.892719555980564089e-06 1.441578680018993918e-06 1.603800919861096330e-05 2.148416878259347163e-05 1.024405978876074922e-06 -1.479120142168737921e-07 3.077094267601751741e-08 2.963560567051172143e-03 -5.181759248576650530e-05 -3.239177537671373799e-05 4.207900193850073133e-04 7.389282466324910382e-04 5.816921274545673809e-04 6.924298637246046901e-04 -1.879000468513079489e-04 6.534136348982280858e-03 6.592379588830172762e-03 4.383933611431570752e-03 1.934142057556281161e-03 8.878487178432157973e-07 -3.970059039221779454e-07 -9.409406249358393378e-06 -7.978945839060040140e-06 -1.222654158901570287e-05 -2.844759563436794625e-05
-5.802185072620228529e-05 -2.417416803815287847e-06 -1.892719555980564089e-06 1.876005694574421136e-07 -3.633538147625005143e-08 -9.253416658267525475e-07 -4.368797869042752714e-08 1.773782573036957101e-08 5.410144041222274229e-09 -3.157966588812954372e-09 -2.877871277050898444e-04 5.996589376251783830e-06 5.302844216489793159e-05 -1.104317523648677403e-04 -2.858345012798340021e-05 -4.540330033426809444e-05 -4.037146586845155317e-05 6.894351286935739606e-05 -1.263918471294810846e-03 -6.709307226196774493e-04 -1.953074470133452361e-04 2.896102346618001101e-05 3.201400843857112825e-08 -1.230103317574752511e-07 2.016861736401355570e-07 -2.775212947140494049e-07 -5.421576889492437874e-07 -1.796193836422843226e-06
3.075503490373946439e-05 2.132714123779740433e-06 1.441578680018993918e-06 -3.633538147625005143e-08 4.713962195178858122e-08 3.449602356931622047e-07 5.161877518065699316e-07 3.192212753571516955e-08 3.266413960418677731e-10 1.366802321962286312e-09 8.468946518938729752e-05 -9.603487191289052379e-07 -2.067729129857350885e-06 1.917699775425871060e-05 8.350533671470008193e-06 1.107992058094210065e-05 1.233216585358720132e-05 -2.040721530981244562e-05 3.078122605543904817e-04 1.041469637292040943e-04 3.556357546644913587e-05 -3.758913975371784382e-05 -6.410249235921993492e-08 -1.061270617450604416e-07 -3.442087866691622487e-07 -3.881833976333079132e-07 -7.571964633131382453e-07 -2.418792964602627864e-06
4.903824406835939273e-04 2.117803919389943772e-05 1.603800919861096330e-05 -9.253416658267525475e-07 3.449602356931622047e-07 8.235060987393696868e-06 -1.197519106601029835e-07 -1.188184737390485227e-07 -1.891010494778561579e-08 4.878038700978332815e-08 2.780418107704626246e-03 -5.091295342535166540e-05 -4.130636353509759581e-04 9.687770099746291800e-04 1.904623313870752450e-04 3.592290097996531941e-04 3.071008666844483133e-04 -7.619331854981205646e-04 1.143432856805964327e-02 5.675880741172515190e-03 1.733017916717340817e-03 -5.997198039576071612e-04 -6.666352135056072459e-07 1.228494395297933958e-06 -3.524900243547746614e-06 1.082530775009838445e-06 2.800935224747169059e-06 7.524582643636275648e-06
2.588322134992723702e-04 1.094603613996693179e-04 2.148416878259347163e-05 -4.368797869042752714e-08 5.161877518065699316e-07 -1.197519106601029306e-07 5.531851499776959627e-05 -6.915360462401505304e-07 -1.116129337047085456e-07 -1.550302162752872913e-07 -4.383853409586444135e-04 -6.913239077980701017e-06 4.680261258856792351e-04 -3.395415911185491902e-04 -1.692718737293515097e-04 1.051575861650184837e-04 1.404361040391084324e-04 -6.807646636947810076e-05 -4.950877826495787837e-03 -2.630551645994262493e-03 -8.899744953704680347e-04 -2.739037195540545608e-04 4.384298425032334002e-06 -2.377752231792556407e-06 -1.026573647039447275e-05 -5.487014688196859843e-06 -1.380895473622862898e-05 -4.739126857389045692e-05
9.967275158153001406e-06 1.027414277988000951e-05 1.024405978876074922e-06 1.773782573036957101e-08 3.192212753571516955e-08 -1.188184737390485227e-07 -6.915360462401506363e-07 5.977533699576999164e-06 -2.398886627523841719e-09 -1.025144997834553632e-08 8.900046262219526690e-04 -2.756075594046327989e-06 4.540682432045409152e-08 -2.689396512425616355e-05 8.183516659008216107e-05 -1.199462769124227607e-05 4.706213803512704097e-05 7.884988135532495059e-04 3.870745758085213182e-03 9.349360981482135501e-04 4.909185805558072225e-04 8.970683758166296583e-04 7.425446488292790869e-07 4.843923503681218553e-07 -3.644423274400403629e-06 1.538351255939826526e-06 1.006316198520570250e-06 -5.168804144868090357e-06
-1.224776865422284831e-06 -1.416594444177474189e-07 -1.479120142168737921e-07 5.410144041222274229e-09 3.266413960418677731e-10 -1.891010494778561579e-08 -1.116129337047085456e-07 -2.398886627523841719e-09 3.714067322455429060e-07 6.116853830602139848e-09 -1.741513613014764419e-04 2.595591612898915239e-06 8.935509671563189615e-05 -5.188934212011000335e-05 1.965313410210506242e-04 -1.805845216829267744e-04 -4.054505203811621954e-05 5.170891324483035137e-05 3.531916205728463307e-03 7.284182285680685157e-05 3.436228434219964936e-04 4.044608806728854067e-04 -2.839136770252561435e-07 7.062298691391899525e-08 2.572930260140267215e-07 4.474225593691318074e-07 2.579623532457092504e-07 5.317253238728908370e-07
2.887336962519379755e-06 -2.165439317361596410e-07 3.077094267601751741e-08 -3.157966588812954372e-09 1.366802321962286312e-09 4.878038700978332815e-08 -1.550302162752872913e-07 -1.025144997834553632e-08 6.116853830602139848e-09 3.834349080186395977e-07 7.347461581654917600e-04 -1.159617944707331760e-06 -5.098013321452152962e-05 3.218142073879246831e-05 1.243112538840227761e-05 -3.223136422041212099e-05 4.102690403523336147e-04 9.177525922720358633e-04 6.282022516370033491e-04 1.247898214726487077e-04 -3.876024617717311162e-04 -1.398306208078592969e-03 9.051844474645491793e-08 2.259137140144048163e-07 2.322444270158210522e-07 -4.203749506498860630e-08 4.797152171335211627e-07 -5.536770671144035722e-07
1.786150552683492265e-01 6.647194911910974183e-03 2.963560567051172143e-03 -2.877871277050898444e-04 8.468946518938729752e-05 2.780418107704626246e-03 -4.383853409586445761e-04 8.900046262219526690e-04 -1.741513613014764419e-04 7.347461581654917600e-04 4.469365938720090980e+01 -3.955107108106218350e-01 -1.014654976498730710e+00 3.000147130484094246e-02 4.596815167197445540e-01 8.004539246593946888e-01 -5.703970191804295986e+00 -3.313496620010809579e+01 3.968383878546980981e+01 3.489806568735988268e+00 -1.206790792982693006e+01 -5.409785627389402407e+01 4.669699241466861508e-03 7.126663377341187038e-04 -1.177680840133598673e-02 -2.160479252525545485e-03 2.901695888883807197e-04 2.513370690163839287e-03
-3.608022999713617236e-03 -1.084274214696943336e-04 -5.181759248576651208e-05 5.996589376251783830e-06 -9.603487191289050262e-07 -5.091295342535167217e-05 -6.913239077980706099e-06 -2.756075594046325872e-06 2.595591612898914815e-06 -1.159617944707331125e-06 -3.955107108106218350e-01 8.064883088725256777e-02 -3.244044911842136614e-02 3.696203042421782048e-02 -9.177935064976820712e-03 7.412005646994580463e-03 1.091998679780307874e-01 1.514932991404860652e-01 -7.488994203081530410e-01 8.373868513706727024e-01 1.659596349300269891e+00 5.954413818504861178e-01 7.729048060336884279e-05 4.004368048114632814e-05 1.030130003548428483e-04 2.174130394378356065e-04 -2.020225426406206410e-04 -1.093918122734334345e-03
-2.380836265336770674e-02 -1.600357085383709548e-04 -3.239177537671370411e-05 5.302844216489793159e-05 -2.067729129857350885e-06 -4.130636353509759581e-04 4.680261258856792351e-04 4.540682432044774539e-08 8.935509671563188260e-05 -5.098013321452152962e-05 -1.014654976498730710e+00 -3.244044911842136614e-02 3.761435930804292838e+00 -2.520207913656414611e+00 -1.787000319747863442e-01 1.146807448809428615e-01 2.521292219857822481e+00 3.178390482165839970e+00 -3.047679216207945530e+01 -3.476969911980072325e+00 7.260008094534432743e+00 5.102166861239222584e+00 -4.941585151049422827e-04 -5.465469538938144906e-04 -1.155831081123902368e-04 -9.662679928779871127e-04 -1.020537603400286947e-03 2.649373043564279360e-03
6.122139584180515126e-02 1.090922527300423623e-03 4.207900193850073133e-04 -1.104317523648677538e-04 1.917699775425871060e-05 9.687770099746291800e-04 -3.395415911185491360e-04 -2.689396512425616694e-05 -5.188934212011002368e-05 3.218142073879246831e-05 3.000147130484095287e-02 3.696203042421782048e-02 -2.520207913656414611e+00 5.383330944899199721e+00 1.081857034358384012e-01 -1.541809280080202738e-01 -1.799571697292789985e+00 -2.036653591812074282e+00 1.315180943782002387e+01 -3.868956209535430180e+00 -1.045908929208557403e+01 -8.180003057713774339e+00 -3.825121178971125908e-04 -2.259218310910476941e-05 8.696251266567410401e-04 1.277581857569485765e-03 2.071715811782435558e-03 -5.429904534396221873e-03
1.412724687906006561e-02 4.226204932953847674e-05 7.389282466324910382e-04 -2.858345012798340021e-05 8.350533671470008193e-06 1.904623313870752179e-04 -1.692718737293515640e-04 8.183516659008217462e-05 1.965313410210506242e-04 1.243112538840227761e-05 4.596815167197447205e-01 -9.177935064976822446e-03 -1.787000319747863442e-01 1.081857034358383735e-01 3.323114028223608685e+00 5.729339259743160273e-01 1.899456877592088366e-01 1.448313879846103644e-03 -5.768373446050854447e+00 -8.811045286306230795e-02 -6.148726835777753585e-01 -7.613916472766573129e-01 -7.749397517523616292e-04 4.989446067531014013e-04 -2.658207955915642753e-03 4.058169410186533320e-04 3.047129196932275050e-04 1.080748206058710541e-03
2.438663010785820789e-02 5.936503978556191465e-04 5.816921274545674894e-04 -4.540330033426810121e-05 1.107992058094210065e-05 3.592290097996531399e-04 1.051575861650184973e-04 -1.199462769124228115e-05 -1.805845216829267744e-04 -3.223136422041212099e-05 8.004539246593946888e-01 7.412005646994577861e-03 1.146807448809428892e-01 -1.541809280080202460e-01 5.729339259743160273e-01 3.190994636150290997e+00 2.696503854904894748e+00 2.567149200662320219e+00 6.412164316497759309e+00 -1.110071453744121417e+00 -6.556709645138207865e-01 -1.478591959228007235e+00 8.803166918923984287e-04 -6.763933950402134998e-04 3.456399663173510763e-04 -1.982098599269037018e-03 1.206496783139649961e-03 5.101627078490848441e-03
2.400434611226523116e-02 6.764794002073774501e-04 6.924298637246045817e-04 -4.037146586845157350e-05 1.233216585358719793e-05 3.071008666844483133e-04 1.404361040391083511e-04 4.706213803512705453e-05 -4.054505203811621954e-05 4.102690403523336147e-04 -5.703970191804295098e+00 1.091998679780307874e-01 2.521292219857822481e+00 -1.799571697292789985e+00 1.899456877592088089e-01 2.696503854904894748e+00 1.067305573272097696e+01 1.910091780632699354e+01 -1.142868232251175264e+01 3.228770446595638166e+00 4.410614042974341231e+00 4.906003644003390285e+00 -2.308857583283873988e-04 -7.487035832648338690e-04 2.096353836122253917e-03 -2.512987909512416282e-03 2.135691883649379200e-04 2.096466037440590513e-02
-3.933612872075987338e-02 -6.562226334476292363e-04 -1.879000468513079489e-04 6.894351286935739606e-05 -2.040721530981244562e-05 -7.619331854981205646e-04 -6.807646636947810076e-05 7.884988135532495059e-04 5.170891324483035137e-05 9.177525922720358633e-04 -3.313496620010809579e+01 1.514932991404860652e-01 3.178390482165840414e+00 -2.036653591812073838e+00 1.448313879846070034e-03 2.567149200662320219e+00 1.910091780632699354e+01 5.324122176677964546e+01 -2.445592838043770456e+01 3.428381724961503174e+00 7.201633034664185473e+00 3.223415391927418483e+01 -3.881191405812071862e-03 -8.598407037373451524e-04 1.034448601859660685e-02 -1.839392985447738842e-03 9.011223321572045964e-04 3.657670067474964176e-02
7.311608008711356632e-01 2.399816912097718635e-02 6.534136348982281725e-03 -1.263918471294810846e-03 3.078122605543904817e-04 1.143432856805964327e-02 -4.950877826495786969e-03 3.870745758085212748e-03 3.531916205728463307e-03 6.282022516370033491e-04 3.968383878546980981e+01 -7.488994203081530410e-01 -3.047679216207945530e+01 1.315180943782002210e+01 -5.768373446050853559e+00 6.412164316497759309e+00 -1.142868232251175264e+01 -2.445592838043770456e+01 7.933680528662473534e+02 7.457769257875328606e+01 -5.305588027034745124e+01 -6.012263560065271406e+01 -4.950762374724461141e-04 -7.339795361798816253e-03 1.081578031452902836e-02 5.594367590294116802e-03 1.345697358778187927e-02 5.827119658091022003e-02
3.428816799654290648e-01 1.148138469119813418e-02 6.592379588830172762e-03 -6.709307226196775577e-04 1.041469637292040943e-04 5.675880741172515190e-03 -2.630551645994262493e-03 9.349360981482135501e-04 7.284182285680685157e-05 1.247898214726487077e-04 3.489806568735988268e+00 8.373868513706727024e-01 -3.476969911980071881e+00 -3.868956209535430180e+00 -8.811045286306237734e-02 -1.110071453744121417e+00 3.228770446595637278e+00 3.428381724961502730e+00 7.457769257875328606e+01 6.196063877859330660e+01 3.875017266403447991e+01 1.309558532269002562e+01 -4.701617899788890806e-04 2.266119850493129514e-03 -3.176397107809255955e-03 3.615202559824704474e-03 9.957539586075822482e-04 7.718023832461859066e-03
9.424400402117565079e-02 5.397027797953582971e-03 4.383933611431571620e-03 -1.953074470133452361e-04 3.556357546644913587e-05 1.733017916717340817e-03 -8.899744953704677095e-04 4.909185805558072225e-04 3.436228434219964394e-04 -3.876024617717311162e-04 -1.206790792982693006e+01 1.659596349300270113e+00 7.260008094534432743e+00 -1.045908929208557403e+01 -6.148726835777753585e-01 -6.556709645138207865e-01 4.410614042974341231e+00 7.201633034664186361e+00 -5.305588027034745124e+01 3.875017266403447991e+01 8.213728345099960393e+01 4.960072280601082184e+01 -1.050720022585091562e-03 7.969135844425034041e-04 2.077755125637030000e-03 5.013081397114813216e-03 -2.554886016828830132e-03 -8.007884141291802746e-03
-4.640571892890917038e-02 2.570355880283310950e-03 1.934142057556281161e-03 2.896102346618000084e-05 -3.758913975371784382e-05 -5.997198039576072696e-04 -2.739037195540546693e-04 8.970683758166296583e-04 4.044608806728854067e-04 -1.398306208078592969e-03 -5.409785627389402407e+01 5.954413818504861178e-01 5.102166861239222584e+00 -8.180003057713772563e+00 -7.613916472766573129e-01 -1.478591959228007235e+00 4.906003644003390285e+00 3.223415391927418483e+01 -6.012263560065271406e+01 1.309558532269002562e+01 4.960072280601082184e+01 1.001348366211847178e+02 -5.983585973552908895e-03 -7.259635028549661509e-04 1.232635541534988187e-02 5.400412017938133885e-03 4.282189657846184258e-03 6.827227191627485529e-03
-2.137626895369904034e-05 7.856160044810987209e-06 8.878487178432150561e-07 3.201400843857110840e-08 -6.410249235921993492e-08 -6.666352135056071401e-07 4.384298425032334002e-06 7.425446488292790869e-07 -2.839136770252560906e-07 9.051844474645485176e-08 4.669699241466861508e-03 7.729048060336882924e-05 -4.941585151049420659e-04 -3.825121178971122114e-04 -7.749397517523616292e-04 8.803166918923979950e-04 -2.308857583283875344e-04 -3.881191405812071862e-03 -4.950762374724416688e-04 -4.701617899788895685e-04 -1.050720022585091562e-03 -5.983585973552908895e-03 1.463170186075968401e-03 2.737182297494037439e-04 1.400763111524619691e-04 -3.564841902692844427e-04 -1.115109871305678736e-04 -1.061505083611674166e-04
1.732460636921221545e-05 -9.543751081767705243e-07 -3.970059039221782101e-07 -1.230103317574752511e-07 -1.061270617450604416e-07 1.228494395297934170e-06 -2.377752231792555560e-06 4.843923503681218553e-07 7.062298691391902172e-08 2.259137140144047369e-07 7.126663377341191374e-04 4.004368048114632136e-05 -5.465469538938143822e-04 -2.259218310910463389e-05 4.989446067531014013e-04 -6.763933950402134998e-04 -7.487035832648335438e-04 -8.598407037373449356e-04 -7.339795361798819723e-03 2.266119850493130815e-03 7.969135844425039462e-04 -7.259635028549664762e-04 2.737182297494037439e-04 8.693408086317066467e-04 5.464611463602840385e-05 7.306309027230549610e-04 4.680476371751995110e-05 -5.899682487796067921e-04
-2.540173282016071582e-04 -3.895300589960691849e-05 -9.409406249358391683e-06 2.016861736401355570e-07 -3.442087866691623546e-07 -3.524900243547745767e-06 -1.026573647039447444e-05 -3.644423274400403629e-06 2.572930260140266156e-07 2.322444270158210522e-07 -1.177680840133598673e-02 1.030130003548427806e-04 -1.155831081123907789e-04 8.696251266567409316e-04 -2.658207955915643621e-03 3.456399663173508052e-04 2.096353836122254784e-03 1.034448601859660685e-02 1.081578031452902836e-02 -3.176397107809253786e-03 2.077755125637029132e-03 1.232635541534988187e-02 1.400763111524619691e-04 5.464611463602841741e-05 7.300015826886365779e-03 -2.963236186821504073e-04 6.730865583562998210e-04 4.366452433068502767e-03
-5.652271408213528571e-05 -5.631932897615662120e-06 -7.978945839060038446e-06 -2.775212947140494579e-07 -3.881833976333079132e-07 1.082530775009838869e-06 -5.487014688196857302e-06 1.538351255939826737e-06 4.474225593691316486e-07 -4.203749506498867248e-08 -2.160479252525545485e-03 2.174130394378356607e-04 -9.662679928779868959e-04 1.277581857569485765e-03 4.058169410186534404e-04 -1.982098599269037018e-03 -2.512987909512417149e-03 -1.839392985447736890e-03 5.594367590294116802e-03 3.615202559824704908e-03 5.013081397114811481e-03 5.400412017938133885e-03 -3.564841902692844427e-04 7.306309027230549610e-04 -2.963236186821503531e-04 2.864075099137204736e-03 5.109755878099646494e-04 -9.791776630839420497e-04
-4.980718956703974505e-05 -2.077745620684470220e-05 -1.222654158901570457e-05 -5.421576889492437874e-07 -7.571964633131382453e-07 2.800935224747169059e-06 -1.380895473622863068e-05 1.006316198520570673e-06 2.579623532457092504e-07 4.797152171335211627e-07 2.901695888883819665e-04 -2.020225426406206410e-04 -1.020537603400286731e-03 2.071715811782435558e-03 3.047129196932274508e-04 1.206496783139650178e-03 2.135691883649377845e-04 9.011223321572040543e-04 1.345697358778188794e-02 9.957539586075818145e-04 -2.554886016828828831e-03 4.282189657846185993e-03 -1.115109871305678736e-04 4.680476371751993755e-05 6.730865583562998210e-04 5.109755878099646494e-04 6.309347175698064476e-03 7.960894669009723965e-03
-1.215586174936771665e-04 -9.605901617879938534e-05 -2.844759563436794625e-05 -1.796193836422843014e-06 -2.418792964602627864e-06 7.524582643636273954e-06 -4.739126857389045692e-05 -5.168804144868092898e-06 5.317253238728904135e-07 -5.536770671144035722e-07 2.513370690163842323e-03 -1.093918122734334778e-03 2.649373043564278492e-03 -5.429904534396221873e-03 1.080748206058709023e-03 5.101627078490850176e-03 2.096466037440590513e-02 3.657670067474964870e-02 5.827119658091022003e-02 7.718023832461859066e-03 -8.007884141291799276e-03 6.827227191627478591e-03 -1.061505083611674437e-04 -5.899682487796067921e-04 4.366452433068502767e-03 -9.791776630839420497e-04 7.960894669009723965e-03 7.123927481936447037e-02
